284
23.4799995 7.05000019
26.1299992 2.80999994
27.1900005 15.0
23.4799995 21.3600006
25.6000004 27.7199993
30.0 0.0
0.0 0.0
30.0 30.0
0.0 30.0
24.3633327 5.63666677
25.246666 4.22333336
26.2625008 13.0124998
25.3349991 11.0249996
24.4074993 9.03750038
24.4074993 19.7700005
25.3349991 18.1800003
26.2625008 16.5900002
24.8933334 25.6000004
24.1866665 23.4799995
28.0 0.0
26.0 0.0
24.0 0.0
22.0 0.0
20.0 0.0
18.0 0.0
16.0 0.0
14.0 0.0
12.0 0.0
10.0 0.0
8.0 0.0
6.0 0.0
4.0 0.0
2.0 0.0
30.0 28.0
30.0 26.0
30.0 24.0
30.0 22.0
30.0 20.0
30.0 18.0
30.0 16.0
30.0 14.0
30.0 12.0
30.0 10.0
30.0 8.0
30.0 6.0
30.0 4.0
30.0 2.0
2.0 30.0
4.0 30.0
6.0 30.0
8.0 30.0
10.0 30.0
12.0 30.0
14.0 30.0
16.0 30.0
18.0 30.0
20.0 30.0
22.0 30.0
24.0 30.0
26.0 30.0
28.0 30.0
0.0 2.0
0.0 4.0
0.0 6.0
0.0 8.0
0.0 10.0
0.0 12.0
0.0 14.0
0.0 16.0
0.0 18.0
0.0 20.0
0.0 22.0
0.0 24.0
0.0 26.0
0.0 28.0
24.6838741 2.91624212
26.7917156 4.17598486
23.6523266 3.98407984
26.3269539 5.57294178
22.5966549 5.44400644
26.9100819 18.1817245
26.5266743 19.9640408
28.1133995 17.135334
22.4234734 19.6500015
2.67222619 1.82923627
27.2324066 1.60462666
23.1940536 1.99387097
20.9793854 1.82539427
16.9802589 1.73222625
14.9935713 1.72966909
12.99862 1.73247421
10.9986115 1.73548973
8.98162842 1.75467932
6.93868923 1.79325354
4.84295368 1.84701383
28.5553989 26.6316795
28.3758945 24.9214458
28.3647003 22.9323978
28.3694382 20.9701309
28.3199329 19.041872
28.2607155 13.0079203
27.8417034 11.0266027
28.4574108 9.04941654
27.8637066 7.1398344
28.1736488 5.02549934
28.0546284 3.26935172
6.99822998 28.2531757
8.99700928 28.256031
10.999012 28.2636471
12.9985294 28.2625771
14.9979753 28.2537441
16.9982643 28.2363453
19.0115356 28.2065468
21.0819054 28.1317329
23.2934914 27.9466667
27.5086231 28.0813847
1.73259985 14.9997883
1.73269141 16.9999599
1.73279703 19.0009365
1.74190211 21.0193958
1.76668549 23.0629177
1.82534981 25.157383
1.82942295 27.3290539
26.5685692 9.08833122
23.3449249 10.8302288
22.4134121 8.86549664
25.5016766 7.25421238
25.279911 14.7470083
26.8951645 26.1285114
22.1860466 23.033884
25.3410015 21.7124443
26.4377422 23.8084106
22.9055691 24.5948849
25.2067223 1.55412328
21.8359776 3.6771276
21.5402832 7.01545238
23.3971825 18.0537891
21.3365154 21.2629261
18.9615383 1.75773227
1.73228884 12.9999981
5.02017212 28.2581768
20.0691891 26.3797455
14.0035362 3.46963978
15.9960432 3.46627212
1.59665644 3.33848715
9.99113941 3.50479078
1.72630668 9.00247955
11.999157 3.47684646
3.46598458 15.9998779
7.94498968 3.60016656
3.46585536 18.0032101
1.73016 11.0009556
1.72111237 7.00768375
5.86091661 3.65368867
9.9967165 26.5082397
11.9944706 26.5208511
13.9983749 26.5040283
18.0321407 26.4324665
16.015379 26.466095
7.98266983 26.4448509
3.46844482 20.0270214
3.47940993 22.0739288
3.52391315 24.1257915
3.3323431 28.3986473
24.3361263 16.4126492
24.3122597 12.8024988
3.58658862 3.84642935
3.79801226 26.38097
22.3956337 16.2513294
20.7236671 5.26537514
20.4123611 19.5315628
20.1923447 22.9300442
21.4344044 17.9010715
20.4495831 8.62269211
17.9481525 3.46252036
3.46378112 12.0001564
1.72266483 5.03372669
3.44147134 7.99197483
3.45664001 9.99471283
5.19691038 17.0012856
5.17747641 23.132431
5.18811846 21.0798607
6.88056517 5.64530134
5.19484663 19.0281544
9.03093529 5.31154871
11.0097828 5.23394346
13.0045786 24.751873
13.0246677 5.23474312
11.0028 24.7593327
9.04067135 24.7148724
15.0922689 5.2770834
15.0408478 24.7040195
19.0996475 24.6504574
17.0813885 24.6691532
3.46547008 13.9996767
5.96653843 26.4492455
19.8841362 3.51810431
22.2199306 26.2142181
23.3373699 14.534647
21.3654556 10.5933352
21.1121216 24.633873
22.3472633 12.5832424
27.0079117 21.8774853
20.4377575 16.0696201
19.4464931 17.7591972
19.6856174 6.78356886
19.3009567 21.1936569
14.0682192 22.9611816
19.3408432 10.2723227
16.135725 22.9194927
17.0645065 5.18215847
5.20260382 13.0032082
12.0291023 6.98724556
10.0488167 6.99259329
8.34578705 6.93038797
5.20170879 10.9920788
6.95066357 20.0784626
6.90172052 22.1751862
5.18080854 8.96264744
6.94499302 18.0094128
3.43026996 6.00836945
4.97807646 5.22161198
12.024498 23.0073395
10.0405579 23.0181484
6.92650509 24.4214382
5.0784893 24.9019756
5.20056295 15.0010014
14.0982084 7.11783409
18.895916 5.11881685
18.4131889 15.9393587
21.3790455 14.3254185
18.1798706 22.9174175
18.5279617 8.20683479
18.1198101 6.51136065
18.3707809 19.4553204
20.3424931 12.335516
15.1748161 21.1940536
13.0804577 21.2565365
16.4450722 7.32629824
6.95365191 13.9898348
11.0102205 8.67320728
8.88510799 8.790905
6.9602375 11.9805851
8.7440691 19.0001202
8.88677883 21.2146435
6.97226334 9.92890072
5.13392162 6.95150042
11.0498266 21.3169975
6.95444345 15.9870071
8.35924721 23.1088581
12.942874 8.80968189
19.3492947 14.1348372
17.2478504 21.1841812
17.1673489 9.85239697
17.3710346 17.6989822
14.164135 19.4990025
12.0681839 19.6070023
8.73007298 12.9099865
8.74706078 14.9071932
8.7063427 10.9188194
14.956748 9.27770042
10.1894703 10.1027088
6.8997426 7.86827374
8.78446293 16.9394112
11.8108206 10.3865948
18.1622982 12.1131954
10.3031197 19.8143158
10.81954 17.9147129
17.2101154 14.0792942
16.2661209 19.4544468
16.3080845 15.928998
13.1023388 17.8256474
10.5795069 13.752244
10.5769329 15.7700796
13.5610542 10.5871096
15.3958778 12.0677414
15.4072428 14.3524008
15.2211971 17.7050171
12.3482285 14.6757326
10.4414024 11.7502441
12.5919361 12.4403725
14.0817642 15.8236752
13.9650097 13.8719845
12.1857605 16.4019699
506
124 13 12
101 100 11
100 2 11
202 131 130
128 96 95
115 95 33
141 113 112
84 32 31
77 75 10
142 90 89
165 11 127
75 1 10
79 77 9
103 44 43
123 101 12
105 85 46
136 14 83
165 12 11
127 11 2
126 0 9
126 9 78
78 10 76
81 15 80
83 14 3
168 164 136
82 80 16
127 2 16
82 2 39
200 171 129
200 197 141
130 14 81
130 3 14
46 19 5
85 20 19
133 75 86
133 86 21
134 77 79
134 86 77
138 88 24
143 142 89
89 25 88
91 27 90
139 67 66
92 28 91
93 29 92
144 61 84
60 33 7
95 34 33
96 34 95
97 35 96
131 97 96
99 38 37
99 82 38
40 39 2
100 41 40
101 42 41
102 42 101
104 103 78
105 104 76
105 45 104
74 47 8
122 74 73
225 167 162
117 68 116
189 188 154
108 51 107
109 52 108
110 53 109
111 54 110
112 55 111
113 56 112
114 57 113
59 58 4
115 59 4
61 6 32
84 61 32
166 94 153
152 146 64
147 90 142
220 152 176
213 185 212
139 116 67
261 259 241
118 69 117
119 70 118
120 71 119
121 72 120
122 73 121
133 21 20
77 10 9
76 10 1
105 1 85
79 9 0
87 22 86
123 103 102
78 9 10
199 125 124
138 23 87
99 98 81
80 15 16
98 37 36
81 14 15
82 16 2
82 39 38
90 26 89
132 18 17
94 30 93
149 92 145
133 85 1
85 19 46
86 22 21
86 75 77
238 233 232
87 23 22
88 25 24
235 201 230
150 117 148
89 26 25
107 50 106
90 27 26
152 64 63
91 28 27
176 63 62
92 29 28
153 93 149
93 30 29
94 84 31
94 31 30
115 33 60
128 4 17
131 17 18
96 35 34
202 130 81
97 36 35
99 81 80
98 36 97
99 80 82
99 37 98
100 40 2
101 11 12
101 41 100
123 102 101
126 103 123
102 43 42
104 78 76
103 43 102
104 45 44
104 44 103
105 46 45
105 76 1
106 50 49
140 49 48
236 209 207
107 51 50
159 107 106
108 52 51
188 186 155
109 53 52
200 141 192
110 54 53
158 110 156
111 55 54
132 129 18
112 56 55
114 17 4
113 57 56
114 4 58
114 58 57
115 60 59
128 115 4
116 68 67
194 139 175
216 181 183
117 69 68
160 118 150
118 70 69
181 161 160
119 71 70
195 140 167
120 72 71
167 122 121
121 73 72
163 47 122
122 47 74
123 12 13
126 123 13
125 0 13
125 13 124
173 135 125
135 0 125
126 13 0
126 78 103
164 16 15
198 127 164
128 95 115
131 128 17
137 3 129
129 3 18
130 18 3
202 81 98
131 96 128
131 18 130
197 17 114
197 132 17
133 20 85
133 1 75
134 87 86
169 79 135
228 196 169
135 79 0
136 15 14
172 136 83
156 109 155
137 83 3
138 24 23
196 87 134
151 66 65
145 92 91
140 106 49
163 140 48
157 112 111
207 191 186
143 89 88
187 185 147
174 88 138
233 228 205
176 62 144
144 62 61
178 151 146
147 145 91
178 146 177
146 65 64
147 91 90
240 213 212
148 117 116
194 116 139
149 93 92
214 184 213
159 154 107
150 118 117
151 139 66
151 65 146
166 84 94
220 177 152
153 94 93
246 220 221
155 108 154
154 108 107
186 156 155
155 109 108
200 192 171
156 110 109
157 141 112
158 157 111
158 111 110
191 156 186
195 106 140
161 119 160
160 119 118
183 150 179
180 162 161
161 120 119
162 121 120
162 120 161
163 48 47
167 163 122
164 127 16
164 15 136
165 124 12
198 164 168
220 176 166
166 144 84
167 140 163
167 121 162
201 199 124
204 203 172
169 134 79
205 135 173
170 83 137
206 137 171
171 137 129
193 158 191
172 168 136
172 83 170
190 187 142
201 124 165
174 143 88
196 174 138
175 139 151
246 177 220
176 152 63
176 144 166
177 146 152
182 153 149
259 242 245
178 175 151
179 150 148
226 148 194
181 180 161
225 224 195
183 181 160
271 256 267
184 149 145
184 182 149
183 160 150
219 216 183
185 145 147
185 184 145
187 147 142
212 185 187
231 193 209
188 155 154
190 142 143
238 190 210
189 154 159
256 255 237
224 189 159
217 180 181
210 143 174
208 173 199
231 192 193
191 158 156
192 141 157
193 192 157
193 157 158
269 254 234
194 148 116
211 194 175
225 195 167
195 159 106
196 138 87
196 134 169
197 114 113
197 113 141
201 165 198
198 165 127
251 203 229
199 173 125
200 129 132
200 132 197
230 168 203
203 168 172
202 98 97
202 97 131
204 172 170
251 235 230
234 170 206
282 281 278
205 169 135
232 173 208
206 170 137
209 191 207
222 186 188
255 236 237
227 212 187
235 199 201
252 209 236
209 193 191
210 190 143
228 210 174
226 194 211
215 175 178
227 187 190
250 240 212
241 213 240
213 184 185
262 246 182
214 182 184
215 211 175
218 215 178
223 222 188
219 183 179
249 224 217
217 181 216
218 178 177
262 241 245
248 179 226
277 270 254
221 166 153
221 220 166
221 153 182
246 221 182
222 207 186
223 188 189
249 223 189
244 217 216
224 159 195
224 180 217
225 162 180
225 180 224
226 179 148
239 226 211
238 210 233
275 260 253
228 174 196
228 169 205
229 203 204
254 204 234
230 201 198
230 198 168
231 206 171
231 171 192
232 205 173
253 238 232
233 210 228
233 205 232
234 204 170
252 206 231
265 235 251
235 208 199
237 207 222
237 236 207
247 222 223
266 244 243
253 232 208
238 227 190
248 226 239
242 211 215
250 212 227
274 250 260
262 245 218
241 214 213
242 239 211
245 242 215
243 216 219
263 219 248
249 244 223
244 216 243
245 215 218
259 257 242
262 182 214
246 218 177
247 237 222
247 223 244
248 219 179
280 278 272
249 189 224
249 217 244
260 227 238
264 261 240
251 230 203
265 253 208
252 234 206
252 231 209
265 208 235
270 268 229
254 229 204
269 234 252
256 237 247
258 239 257
266 256 247
258 248 239
282 275 276
257 239 242
273 263 258
263 248 258
259 245 241
261 241 240
260 250 227
260 238 253
264 240 250
279 259 261
262 218 246
262 214 241
267 266 243
263 243 219
275 274 260
279 272 257
268 251 229
268 265 251
266 247 244
267 243 263
283 278 281
267 256 266
270 229 254
276 275 268
269 252 236
269 236 255
277 254 269
281 277 271
271 255 256
273 258 272
272 258 257
279 257 259
283 267 273
273 267 263
274 264 250
275 253 265
275 265 268
276 268 270
281 270 277
282 280 275
277 269 255
277 255 271
278 273 272
280 272 279
279 261 264
280 279 264
280 264 274
280 274 275
283 281 271
281 276 270
282 276 281
282 278 280
283 271 267
283 273 278
